0001
0002
0003
0004
0005
0010
0011
0015
0017
0019
0020
0021
0022
0023
0031
0032
0033
0034
0039
0042
0046
0048
0049
0053
0055
0056
0062
0064
0070
0072
0075
0076
0078
0079
0084
0085
0094
0096
0098
0101
0102
0104
0105
0114
0121
0124
0128
0136
0139
0141
0142
0146
0148
0152
0155
0160
0169
0198
0200
0206
0207
0208
0215
0221
0226
0234
0236
0238
0239
0240
0253
0279
0283
0287
0297
0300
0301
0309
0312
0322
0337
0338
0347
0394
0399
0406
0416
0437
0438
0448
0461
0494
0538
0543
0560
0581
0617
0621
0647
0739
